0.000000 4 4 458832
0.000000 1 105 1
0.000000 0 0 0
0.253041 1 105 2
0.253041 0 0 1
0.287041 1 105 2
0.287041 0 0 1
0.321042 1 105 2
0.321042 0 0 1
0.355041 1 105 2
0.355041 0 0 1
0.389041 1 105 2
0.389041 0 0 1
0.423042 1 105 2
0.423042 0 0 1
0.457041 1 105 2
0.457041 0 0 1
0.492042 1 105 2
0.492042 0 0 1
0.526041 1 105 2
0.526041 0 0 1
0.560041 1 105 2
0.560041 0 0 1
0.595041 1 105 2
0.595041 0 0 1
0.629042 1 105 2
0.629042 0 0 1
0.663040 1 105 2
0.663040 0 0 1
0.697041 1 105 2
0.697041 0 0 1
0.732041 1 105 2
0.732041 0 0 1
0.767040 1 105 2
0.767040 0 0 1
0.802040 1 105 2
0.802040 0 0 1
0.836041 1 105 2
0.836041 0 0 1
0.870042 1 105 2
0.870042 0 0 1
0.904041 1 105 2
0.904041 0 0 1
0.938040 1 105 2
0.938040 0 0 1
0.972041 1 105 2
0.972041 0 0 1
1.006042 1 105 2
1.006042 0 0 1
1.041040 1 105 2
1.041040 0 0 1
1.076040 1 105 2
1.076040 0 0 1
1.110040 1 105 2
1.110040 0 0 1
1.144039 1 105 2
1.144039 0 0 1
1.178041 1 105 2
1.178041 0 0 1
1.212041 1 105 2
1.212041 0 0 1
1.246040 1 105 2
1.246040 0 0 1
1.280040 1 105 2
1.280040 0 0 1
1.315040 1 105 2
1.315040 0 0 1
1.349042 1 105 2
1.349042 0 0 1
1.383042 1 105 2
1.383042 0 0 1
1.418040 1 105 2
1.418040 0 0 1
1.452041 1 105 2
1.452041 0 0 1
1.486040 1 105 2
1.486040 0 0 1
1.520041 1 105 2
1.520041 0 0 1
1.554041 1 105 2
1.554041 0 0 1
1.574080 4 4 458834
1.574080 1 103 1
1.574080 0 0 0
1.606081 4 4 458832
1.606081 1 105 0
1.606081 0 0 0
3.056163 4 4 458832
3.056163 1 105 1
3.056163 0 0 0
3.186166 4 4 458832
3.186166 1 105 0
3.186166 0 0 0
4.248222 4 4 458977
4.248222 1 42 1
4.248222 0 0 0
4.501041 1 42 2
4.501041 0 0 1
4.535041 1 42 2
4.535041 0 0 1
4.569041 1 42 2
4.569041 0 0 1
4.603041 1 42 2
4.603041 0 0 1
4.637042 1 42 2
4.637042 0 0 1
4.672041 1 42 2
4.672041 0 0 1
4.706041 1 42 2
4.706041 0 0 1
4.740043 1 42 2
4.740043 0 0 1
4.774042 1 42 2
4.774042 0 0 1
4.808041 1 42 2
4.808041 0 0 1
4.842044 1 42 2
4.842044 0 0 1
4.876042 1 42 2
4.876042 0 0 1
4.910042 1 42 2
4.910042 0 0 1
4.944041 1 42 2
4.944041 0 0 1
4.978041 1 42 2
4.978041 0 0 1
5.012046 1 42 2
5.012046 0 0 1
5.047043 1 42 2
5.047043 0 0 1
5.082040 1 42 2
5.082040 0 0 1
5.117040 1 42 2
5.117040 0 0 1
5.151040 1 42 2
5.151040 0 0 1
5.186041 1 42 2
5.186041 0 0 1
5.221043 1 42 2
5.221043 0 0 1
5.255041 1 42 2
5.255041 0 0 1
5.289042 1 42 2
5.289042 0 0 1
5.324040 1 42 2
5.324040 0 0 1
5.358042 1 42 2
5.358042 0 0 1
5.393040 1 42 2
5.393040 0 0 1
5.427040 1 42 2
5.427040 0 0 1
5.461041 1 42 2
5.461041 0 0 1
5.495041 1 42 2
5.495041 0 0 1
5.530041 1 42 2
5.530041 0 0 1
5.565042 1 42 2
5.565042 0 0 1
5.599041 1 42 2
5.599041 0 0 1
5.633043 1 42 2
5.633043 0 0 1
5.667053 1 42 2
5.667053 0 0 1
5.701040 1 42 2
5.701040 0 0 1
5.736044 1 42 2
5.736044 0 0 1
5.770041 1 42 2
5.770041 0 0 1
5.804040 1 42 2
5.804040 0 0 1
5.839042 1 42 2
5.839042 0 0 1
5.874040 1 42 2
5.874040 0 0 1
5.908040 1 42 2
5.908040 0 0 1
5.943040 1 42 2
5.943040 0 0 1
5.977040 1 42 2
5.977040 0 0 1
6.012043 1 42 2
6.012043 0 0 1
6.047043 1 42 2
6.047043 0 0 1
6.082040 1 42 2
6.082040 0 0 1
6.117042 1 42 2
6.117042 0 0 1
6.151041 1 42 2
6.151041 0 0 1
6.186041 1 42 2
6.186041 0 0 1
6.220040 1 42 2
6.220040 0 0 1
6.254040 1 42 2
6.254040 0 0 1
6.288082 1 42 2
6.288082 0 0 1
6.322043 1 42 2
6.322043 0 0 1
6.357040 1 42 2
6.357040 0 0 1
6.392040 1 42 2
6.392040 0 0 1
6.426040 1 42 2
6.426040 0 0 1
6.461039 1 42 2
6.461039 0 0 1
6.495040 1 42 2
6.495040 0 0 1
6.529040 1 42 2
6.529040 0 0 1
6.563040 1 42 2
6.563040 0 0 1
6.597042 1 42 2
6.597042 0 0 1
6.631041 1 42 2
6.631041 0 0 1
6.665042 1 42 2
6.665042 0 0 1
6.699040 1 42 2
6.699040 0 0 1
6.733040 1 42 2
6.733040 0 0 1
6.762352 4 4 458832
6.762352 1 105 1
6.762352 0 0 0
6.892361 4 4 458832
6.892361 1 105 0
6.892361 0 0 0
9.816517 4 4 458832
9.816517 1 105 1
9.816517 0 0 0
9.856506 4 4 458834
9.856506 1 103 0
9.856506 0 0 0
11.064580 4 4 458834
11.064580 1 103 1
11.064580 0 0 0
11.202586 4 4 458832
11.202586 1 105 0
11.202586 0 0 0
11.692614 4 4 458832
11.692614 1 105 1
11.692614 0 0 0
11.949042 1 105 2
11.949042 0 0 1
11.983041 1 105 2
11.983041 0 0 1
12.017042 1 105 2
12.017042 0 0 1
12.051043 1 105 2
12.051043 0 0 1
12.085044 1 105 2
12.085044 0 0 1
12.120040 1 105 2
12.120040 0 0 1
12.154041 1 105 2
12.154041 0 0 1
12.160631 4 4 458832
12.160631 1 105 0
12.160631 0 0 0
13.932732 4 4 458832
13.932732 1 105 1
13.932732 0 0 0
14.054732 4 4 458832
14.054732 1 105 0
14.054732 0 0 0
15.068792 4 4 458832
15.068792 1 105 1
15.068792 0 0 0
15.100785 4 4 458834
15.100785 1 103 0
15.100785 0 0 0
15.804831 4 4 458834
15.804831 1 103 1
15.804831 0 0 0
15.962833 4 4 458832
15.962833 1 105 0
15.962833 0 0 0
16.390858 4 4 458831
16.390858 1 106 1
16.390858 0 0 0
16.646040 1 106 2
16.646040 0 0 1
16.680040 1 106 2
16.680040 0 0 1
16.714041 1 106 2
16.714041 0 0 1
16.748042 1 106 2
16.748042 0 0 1
16.783040 1 106 2
16.783040 0 0 1
16.818040 1 106 2
16.818040 0 0 1
16.852041 1 106 2
16.852041 0 0 1
16.886041 1 106 2
16.886041 0 0 1
16.906877 4 4 458831
16.906877 1 106 0
16.906877 0 0 0
17.018890 4 4 458832
17.018890 1 105 1
17.018890 0 0 0
17.269041 1 105 2
17.269041 0 0 1
17.303043 1 105 2
17.303043 0 0 1
17.337043 1 105 2
17.337043 0 0 1
17.371041 1 105 2
17.371041 0 0 1
17.405042 1 105 2
17.405042 0 0 1
17.439041 1 105 2
17.439041 0 0 1
17.473041 1 105 2
17.473041 0 0 1
17.508040 1 105 2
17.508040 0 0 1
17.543045 1 105 2
17.543045 0 0 1
17.577042 1 105 2
17.577042 0 0 1
17.606917 4 4 458832
17.606917 1 105 0
17.606917 0 0 0
17.752935 4 4 458831
17.752935 1 106 1
17.752935 0 0 0
18.006042 1 106 2
18.006042 0 0 1
18.016944 4 4 458831
18.016944 1 106 0
18.016944 0 0 0
18.154950 4 4 458832
18.154950 1 105 1
18.154950 0 0 0
18.406040 1 105 2
18.406040 0 0 1
18.441040 1 105 2
18.441040 0 0 1
18.475040 1 105 2
18.475040 0 0 1
18.509040 1 105 2
18.509040 0 0 1
18.543041 1 105 2
18.543041 0 0 1
18.577041 1 105 2
18.577041 0 0 1
18.611040 1 105 2
18.611040 0 0 1
18.645040 1 105 2
18.645040 0 0 1
18.679041 1 105 2
18.679041 0 0 1
18.694969 4 4 458832
18.694969 1 105 0
18.694969 0 0 0
19.235008 4 4 458832
19.235008 1 105 1
19.235008 0 0 0
19.485042 1 105 2
19.485042 0 0 1
19.519040 1 105 2
19.519040 0 0 1
19.553041 1 105 2
19.553041 0 0 1
19.587041 1 105 2
19.587041 0 0 1
19.622040 1 105 2
19.622040 0 0 1
19.657042 1 105 2
19.657042 0 0 1
19.685025 4 4 458832
19.685025 1 105 0
19.685025 0 0 0
19.991045 4 4 458831
19.991045 1 106 1
19.991045 0 0 0
20.217056 4 4 458831
20.217056 1 106 0
20.217056 0 0 0
20.265062 4 4 458832
20.265062 1 105 1
20.265062 0 0 0
20.387064 4 4 458834
20.387064 1 103 0
20.387064 0 0 0
21.377118 4 4 458834
21.377118 1 103 1
21.377118 0 0 0
21.483119 4 4 458832
21.483119 1 105 0
21.483119 0 0 0
22.207160 4 4 458831
22.207160 1 106 1
22.207160 0 0 0
22.319162 4 4 458831
22.319162 1 106 0
22.319162 0 0 0
23.843241 4 4 458977
23.843241 1 42 0
23.843241 0 0 0
23.875239 4 4 458834
23.875239 1 103 0
23.875239 0 0 0
