0.000000 4 4 458834
0.000000 1 103 1
0.000000 0 0 0
0.254378 1 103 2
0.254378 0 0 1
0.288378 1 103 2
0.288378 0 0 1
0.322380 1 103 2
0.322380 0 0 1
0.356379 1 103 2
0.356379 0 0 1
0.390379 1 103 2
0.390379 0 0 1
0.424381 1 103 2
0.424381 0 0 1
0.458378 1 103 2
0.458378 0 0 1
0.493377 1 103 2
0.493377 0 0 1
0.527899 1 103 2
0.527899 0 0 1
0.561378 1 103 2
0.561378 0 0 1
0.595379 1 103 2
0.595379 0 0 1
0.630378 1 103 2
0.630378 0 0 1
0.665381 1 103 2
0.665381 0 0 1
0.690037 4 4 458834
0.690037 1 103 0
0.690037 0 0 0
1.418071 4 4 458772
1.418071 1 16 1
1.418071 0 0 0
1.500080 4 4 458772
1.500080 1 16 0
1.500080 0 0 0
